-4.548509081509991003e-02 3.636361392590922725e-02 4.934268903869241940e-02 -6.730329205280058402e-02
3.250440159856150535e-01 1.956710174723660656e-01 3.402678169320139112e-01 3.134045389663052683e-01
5.363874133840500213e-02 1.291129802473183971e-02 -1.388617542565910752e-02 -1.604067489630789725e-02
-2.824590045984054845e-02 -2.504064897064498321e-02 1.645803760976061875e-02 -8.885134629696773284e-03
7.599082922189340575e-03 -5.708030185923498867e-02 4.206176603896621957e-02 -1.677645353048963853e-02
-3.385118018182676353e-02 -4.815830364826768212e-02 -1.545945145154275537e-02 -9.108965613647657111e-03
3.060112842060112859e-02 -2.063772602250331031e-02 -1.100370842483131863e-02 8.845169540585270940e-03
-1.698117598483292814e-02 4.444811982220422258e-02 9.810480258975985690e-02 6.321488835815157470e-02
1.065894836540174501e-01 6.527485864404161675e-02 2.008146445559223087e-02 9.593478852629350184e-02
1.598790876874960770e-02 8.152156760512913047e-02 -1.608344450106428958e-02 -1.316700826484021140e-02
-1.838109721151763923e-02 -6.456530443376971677e-03 1.574859323971369851e-02 -7.198911449364798522e-03
5.444133105132510642e-03 -4.196729306805858234e-02 -1.801064659427423914e-02 -2.814091597973378267e-02
7.731517932010809058e-03 -6.242494304692009638e-02 -4.385869052859114881e-02 -3.290344911107899450e-02
-1.556262609781252498e-02 5.482800218883942395e-02 7.639473608328904708e-02 1.261201492262029565e-02
2.016310306471831917e-02 3.825070126588694681e-03 2.251179970634093266e-02 4.760486348178413069e-02
-8.990630164680656067e-02 -6.019281027549974045e-02 -1.117802857403688982e-01 -6.985412753974561129e-02
-9.529211907267473927e-03 1.286349671485072753e-02 -1.763134622112237345e-03 -9.012853135136595847e-03
-1.924880456649851954e-02 -2.852268755045688636e-02 -6.372889718555007667e-03 -1.014643941183991172e-03
-4.866930202378692838e-02 -5.444223362183787246e-02 -1.023270798915460883e-01 -5.477137365474477049e-02
5.613484735426816849e-03 -2.183074103713654110e-02 -2.997171884180917928e-02 8.445358900700476040e-03
-7.313866478376891515e-03 2.386560920761523000e-02 1.702107802024898850e-02 1.566363041445026014e-02
2.677262671215166479e-03 -3.157268516093989646e-02 -5.875948484318723603e-02 -5.471252556752650986e-02
-2.939029201780728878e-02 -2.765445455884923617e-02 -4.281494143577909556e-02 -8.939553853050076146e-03
-3.646070636516694080e-02 4.853457079815142600e-03 -2.170013694758086628e-02 -2.047055562861313516e-02
-3.311225564316788716e-02 -3.550558025796541478e-02 -1.167102656934610773e-02 -2.857935634517455928e-02
1.139806055790926372e-02 -9.256564127476196377e-03 -9.699235577848450141e-03 3.130057063812149293e-02
5.698501578807935869e-02 9.736521718718003926e-02 8.579214273044691308e-02 5.860830635474065936e-02
1.115550212756396542e-01 1.499645722999115582e-01 2.635748827286353846e-01 1.463814502174626830e-01
4.354491991011587015e-01 3.611504883253074949e-01 4.211995498990194209e-01 4.812956507934567085e-01
4.287216313390347366e-01 5.886660373787966360e-01 5.229390758994759691e-01 5.555106211790663551e-01
4.926637780688544743e-01 4.331788458768542904e-01 4.851020826785620299e-01 4.286281334498747708e-01
-1.887624060698266382e-01 -2.068885183517569226e-01 -2.505142129784034277e-01 -7.109943271038668411e-02
-7.484608118467248050e-02 7.890546121073918617e-02 3.542751569207367585e-02 -1.290879425507549527e-01
2.936099036957217148e-02 -4.254184728481502642e-02 1.391517334661603739e-02 6.178465049794146235e-02
2.956830256160973835e-01 2.382128647571963298e-01 3.263526435853812413e-01 2.516198884683756298e-01
2.919280625019159050e-03 2.333481618810651147e-04 -3.959196646350024613e-03 3.871228027215296418e-03
1.777530316294159002e-02 4.997549879987291804e-03 -7.669218414297018782e-03 1.636311725095828534e-02
3.384803621653038191e-02 -6.024360685404091644e-04 4.792723932625499866e-03 4.478186472145181257e-02
1.122491972524137203e-02 -1.248805582586616329e-02 7.933619649174812258e-03 9.778558416598023134e-03
